1 -341.1149571257988
2 -209.6888019161121
3 -417.11166553007547
4 -302.14172897592596
5 -111.01457647138069
6 -387.9865510789683
7 -200.89346761944017
8 -132.58392705005718
9 -24.135453833035143
10 -183.72304046107436
11 -304.4473563678485
12 -77.83574504159225
13 -91.22802245462279
14 22.833264018461698
15 -88.85474527000338
16 12.694394058940174
17 -28.577784996130703
18 -243.2552382790784
19 26.10970460133912
20 141.9479264714297
21 52.54501081104081
22 -36.34061093486014
23 -6.25299000928878
24 -99.12403556666273
25 139.75757009926232
26 103.24340046139622
27 -176.4747560157451
28 93.37846677332077
29 90.18204588136909
30 -269.67235713591685
31 -134.37313647314488
32 -93.47517720376987
33 -246.5613642064499
34 -179.626256869668
35 27.988558312943503
36 130.17195302367367
37 -244.60616204906327
38 54.86394951551871
39 27.850394130012894
40 95.06524439719813
41 -164.1227360085573
42 86.28240460037384
43 64.32221970032279
44 58.925195469870765
45 -39.33477904094791
46 -185.57159050364845
47 -65.59002278722842
48 191.04825253944156
49 228.1038056503122
50 199.5610038336067
51 -121.03247626538241
52 238.17002032383962
53 233.73709535593528
54 -180.41911130031662
55 -171.29664889540186
56 -263.44368609431854
57 -27.060102837866197
58 -200.97918790377173
59 -314.1674357180243
60 -62.070917529394976
61 -132.70781088732983
62 -175.9090688583959
63 -92.64873990861912
64 -111.05616900662336
65 -87.41750000323675
66 -103.57092849266942
67 -125.44169539376458
68 149.99632349941527
69 24.829572073094145
70 -23.98660130398454
71 -74.77105322095609
72 -18.463437249142824
73 163.3995161110692
74 243.0121860498746
75 208.43473694483907
76 215.65062814404848
77 243.92844855703328
78 -276.07530944005373
79 -270.3394552335332
80 -229.91478295808977
81 -126.21642430839522
82 12.048008369626075
83 239.79029617334965
84 -58.563397834815284
85 -322.4360444326642
86 179.2401529972919
87 -191.88013520078454
88 232.1113761274609
89 232.66096527156142
90 257.4579606760336
91 133.64403224961063
92 196.64414249712044
93 169.64151124874468
94 225.17848078470925
95 237.38895326284467
96 233.66972833003854
97 250.99419731874747
98 251.22061945139583
99 248.2465991833496
100 150.0414447166434
101 130.81646223670003
102 236.0055414629307
103 200.05621730681324
104 238.96990309739044
105 277.2162416447383
106 161.14707321940773
107 296.06614422330085